63,2
0,529
0,472
73,49
73,48
73,47
73,46
73,45
73,44
73,43
73,42
73,41
73,40
73,39
73,38
73,37
73,36
77,4
77,3
77,2
77,1
77,0
76,3
76,2
76,1
76,0
75,3
75,2
75,1
75,0
0,278
74,3
74,2
0,9
74,1
74,0
4,14
4,85
4,72
4,37
6,7
7,12
63,1
63,3
73,35
3,2
3,1
3,3
10,139
10,293
10,307
10,77
10,141
10,109
10,161
10,1
10,167
10,2
10,3
11,9
11,14
11,13
11,15
11,24
11,11
11,1
11,19
11,2
11,3
9,7
9,1
9,5
9,2
9,3
8,13
8,10
8,8
8,9
8,11
8,7
8,1
8,16
8,2
8,3
12,2
12,1
12,3
20,2
20,1
20,3
19,2
72,3
19,1
72,2
72,1
19,3
72,0
69,4
69,3
69,2
69,1
69,0
17,3
17,2
17,1
16,3
16,2
16,1
15,3
15,2
15,1
14,2
13,2
7,16
7,15
7,14
7,11
7,6
7,4
7,3
7,2
7,1
